7
L227_2013_bin_56           100.000000 44.497608 67.312349 46.585366 47.931873 44.258373 46.875000
L227_enrichment_S_6D       44.497608 100.000000 45.762712 51.951220 49.391727 43.467933 46.394231
L304_enrichment_S_6D       67.312349 45.762712 100.000000 47.804878 47.201946 47.215496 49.878935
Chl_ferrooxidans_KoFox     46.585366 51.951220 47.804878 100.000000 89.024390 46.829268 53.170732
Chl_phaeoferrooxidans_KB01 47.931873 49.391727 47.201946 89.024390 100.000000 49.878345 54.744526
Chl_luteolum_DSM_273       44.258373 43.467933 47.215496 46.829268 49.878345 100.000000 70.913462
Chl_sp_N1                  46.875000 46.394231 49.878935 53.170732 54.744526 70.913462 100.000000
