7
Chl_ferrooxidans_KoFox     0.0000000 0.1792790 0.0025579 0.1887867 0.1108259 0.1000711 0.1226307 
Chl_luteolum_DSM_273       0.1792790 0.0000000 0.1889752 0.0465340 0.2125652 0.2219644 0.2022370 
Chl_phaeoferrooxidans_KB01 0.0025579 0.1889752 0.0000000 0.1802645 0.0976922 0.1025825 0.1197699 
Chl_sp_N1                  0.1887867 0.0465340 0.1802645 0.0000000 0.1997862 0.2064109 0.1967349 
L227_2013_bin_56           0.1108259 0.2125652 0.0976922 0.1997862 0.0000000 0.0812565 0.1370531 
L227_enrichment_S_6D       0.1000711 0.2219644 0.1025825 0.2064109 0.0812565 0.0000000 0.1370087 
L304_enrichment_S_6D       0.1226307 0.2022370 0.1197699 0.1967349 0.1370531 0.1370087 0.0000000 
