7
Chl_ferrooxidans_WP_006367388.1      100.000000 89.024390 46.829268 46.585366 50.487805 51.951220 47.804878
Chl_phaeoferrooxidans_WP_076792910.1 89.024390 100.000000 49.878345 47.931873 51.094891 49.391727 47.201946
Chl_luteolum_WP_011358173.1          46.829268 49.878345 100.000000 44.258373 37.081340 43.467933 47.215496
L227_2013_bin56_CA-L227-2013_20535_9 46.585366 47.931873 44.258373 100.000000 43.540670 44.497608 67.312349
L227_2014_bin92a_CA-L227-2014_163911 50.487805 51.094891 37.081340 43.540670 100.000000 55.980861 41.404358
L227-enr-6D_L227_S_6D_01955          51.951220 49.391727 43.467933 44.497608 55.980861 100.000000 45.762712
L304-enr-6D_L304_S_6D_00446          47.804878 47.201946 47.215496 67.312349 41.404358 45.762712 100.000000
