20
Mariprofundus_ferrooxydans_PV1__A0A0H3ZGZ2                100.000000 23.414634 22.384428 23.515439 23.205742 22.488038 21.040189 21.791768 15.489749 17.016317 22.802850 21.327014 20.537897 23.112128 22.551253 20.956720 82.863850 99.082569 11.161731 13.895216
Chl_ferrooxidans__WP_006367388_1                          23.414634 100.000000 89.024390 46.829268 46.585366 50.487805 51.951220 47.804878 16.097561 15.365854 28.536585 28.292683 29.828851 33.170732 27.804878 28.048780 22.926829 23.658537 13.414634 15.365854
Chl_phaeoferrooxidans__WP_076792910_1                     22.384428 89.024390 100.000000 49.878345 47.931873 51.094891 49.391727 47.201946 16.058394 15.571776 27.980535 27.980535 26.650367 31.143552 27.737226 25.547445 22.141119 22.627737 11.922141 15.571776
Chl_luteolum__WP_011358173_1                              23.515439 46.829268 49.878345 100.000000 44.258373 37.081340 43.467933 47.215496 16.152019 15.676960 26.365796 25.415677 28.117359 31.828979 29.453682 27.553444 22.802850 23.277910 13.776722 11.638955
L227_2013_bin56__CA-L227-2013_20535_9                     23.205742 46.585366 47.931873 44.258373 100.000000 43.540670 44.497608 67.312349 16.985646 16.507177 24.641148 23.205742 25.427873 29.186603 28.229665 27.511962 22.966507 23.205742 15.071770 14.593301
L227_2014_bin92a__CA-L227-2014_1639_1                     22.488038 50.487805 51.094891 37.081340 43.540670 100.000000 55.980861 41.404358 16.746411 17.942584 23.205742 24.162679 25.427873 29.425837 26.794258 29.904306 22.009569 22.488038 14.832536 15.789474
L227-enr-6D__L227_S_6D_01955                              21.040189 51.951220 49.391727 43.467933 44.497608 55.980861 100.000000 45.762712 17.730496 15.839243 23.990499 24.170616 25.427873 31.205674 25.295508 24.822695 21.985816 20.567376 14.184397 13.947991
L304-enr-6D__L304_S_6D_00446                              21.791768 47.804878 47.201946 47.215496 67.312349 41.404358 45.762712 100.000000 15.254237 15.496368 25.907990 26.392252 26.405868 31.476998 23.970944 29.297821 21.065375 22.518160 15.496368 14.769976
Thiomonas_sp_FB_6__WP_018914220_1                         15.489749 16.097561 16.058394 16.152019 16.985646 16.746411 17.730496 15.254237 100.000000 54.312354 17.339667 15.402844 17.114914 16.247140 16.400911 11.910112 15.962441 15.366972 19.607843 23.093682
Thiomonas_sp_FB_Cd__WP_051849522_1                        17.016317 15.365854 15.571776 15.676960 16.507177 17.942584 15.839243 15.496368 54.312354 100.000000 15.914489 16.824645 16.625917 16.783217 17.249417 15.151515 15.727700 17.249417 14.918415 24.475524
Gallionella_capsiferriformans_ES_2__WP_013292418_1        22.802850 28.536585 27.980535 26.365796 24.641148 23.205742 23.990499 25.907990 17.339667 15.914489 100.000000 44.180523 45.476773 42.755344 50.831354 31.828979 22.802850 22.565321 14.489311 16.389549
Ferriphaselus_sp_R_1__WP_035382865_1                      21.327014 28.292683 27.980535 25.415677 23.205742 24.162679 24.170616 26.392252 15.402844 16.824645 44.180523 100.000000 69.926650 39.099526 46.919431 31.516588 21.800948 21.327014 16.113744 12.559242
Ferriphaselus_amnicola_OYT1__WP_062625436_1               20.537897 29.828851 26.650367 28.117359 25.427873 25.427873 25.427873 26.405868 17.114914 16.625917 45.476773 69.926650 100.000000 43.031785 36.674817 31.784841 23.471883 21.026895 15.647922 15.892421
Sideroxydans_lithotrophicus_ES_1__WP_013028404_1          23.112128 33.170732 31.143552 31.828979 29.186603 29.425837 31.205674 31.476998 16.247140 16.783217 42.755344 39.099526 43.031785 100.000000 43.478261 38.901602 23.943662 23.853211 14.874142 17.620137
Sideroxydans_lithotrophicus_ES_1__WP_013028405_1          22.551253 27.804878 27.737226 29.453682 28.229665 26.794258 25.295508 23.970944 16.400911 17.249417 50.831354 46.919431 36.674817 43.478261 100.000000 32.801822 22.535211 22.706422 13.211845 14.350797
Sideroxydans_lithotrophicus_ES_1__WP_013028406_1          20.956720 28.048780 25.547445 27.553444 27.511962 29.904306 24.822695 29.297821 11.910112 15.151515 31.828979 31.516588 31.784841 38.901602 32.801822 100.000000 23.943662 21.100917 15.280899 14.831461
Mariprofundus_ferrooxydans_M34__WP_018295023_1            82.863850 22.926829 22.141119 22.802850 22.966507 22.009569 21.985816 21.065375 15.962441 15.727700 22.802850 21.800948 23.471883 23.943662 22.535211 23.943662 100.000000 83.333333 13.380282 15.258216
Mariprofundus_ferrooxydans_JV_1__WP_053322620_1           99.082569 23.658537 22.627737 23.277910 23.205742 22.488038 20.567376 22.518160 15.366972 17.249417 22.565321 21.327014 21.026895 23.853211 22.706422 21.100917 83.333333 100.000000 11.238532 14.908257
Acidithiobacillus_ferrooxidans_ATCC_53993__WP_012536509_1 11.161731 13.414634 11.922141 13.776722 15.071770 14.832536 14.184397 15.496368 19.607843 14.918415 14.489311 16.113744 15.647922 14.874142 13.211845 15.280899 13.380282 11.238532 100.000000 59.336100
Acidithiobacillus_ferrooxidans_ATCC_53993__WP_012537628_1 13.895216 15.365854 15.571776 11.638955 14.593301 15.789474 13.947991 14.769976 23.093682 24.475524 16.389549 12.559242 15.892421 17.620137 14.350797 14.831461 15.258216 14.908257 59.336100 100.000000
