8
Chl_ferrooxidans__WP_006367389.1      100.000000 94.915254 39.285714 36.440678 62.711864 28.813559 47.457627 30.508475
Chl_phaeoferrooxidans__WP_076793039.1 94.915254 100.000000 37.500000 36.440678 61.864407 30.508475 48.305085 31.355932
Chl_sp_N1__WP_131353791.1             39.285714 37.500000 100.000000 57.142857 34.821429 30.357143 29.464286 30.357143
Chl_luteolum__WP_081423692.1          36.440678 36.440678 57.142857 100.000000 35.000000 24.444444 31.060606 26.771654
L227_2014_Bin92a__CA-L227-2014_163910 62.711864 61.864407 34.821429 35.000000 100.000000 26.666667 44.166667 30.833333
L227_2013_Bin56__CBIDHOKM_00215       28.813559 30.508475 30.357143 24.444444 26.666667 100.000000 22.727273 37.795276
L227_enr_6D__HPPIFCBA_00311           47.457627 48.305085 29.464286 31.060606 44.166667 22.727273 100.000000 22.047244
L304_enr_6D__PLDLAPEK_01772           30.508475 31.355932 30.357143 26.771654 30.833333 37.795276 22.047244 100.000000
