7
L227_2013_bin_56           0.0000000 0.6567051 0.3582047 0.6505527 0.6161207 0.6454386 0.6086472 
L227_enrichment_S_6D       0.6567051 0.0000000 0.6358269 0.5566560 0.5715020 0.6158977 0.5948396 
L304_enrichment_S_6D       0.3582047 0.6358269 0.0000000 0.6249545 0.6269463 0.5970132 0.5612075 
Chl_ferrooxidans_KoFox     0.6505527 0.5566560 0.6249545 0.0000000 0.0977287 0.5255301 0.5200532 
Chl_phaeoferrooxidans_KB01 0.6161207 0.5715020 0.6269463 0.0977287 0.0000000 0.5468279 0.4981016 
Chl_luteolum_DSM_273       0.6454386 0.6158977 0.5970132 0.5255301 0.5468279 0.0000000 0.2713751 
Chl_sp_N1                  0.6086472 0.5948396 0.5612075 0.5200532 0.4981016 0.2713751 0.0000000 
