21
Cba_parvum_NCIB_8327                     0.0000000 0.2362978 0.1303349 0.1221358 0.1151625 0.1067746 0.1245121 0.1278214 0.1104765 0.1177050 0.1291045 0.1134824 0.0385653 0.4206402 0.1191618 0.1171658 0.1253528 0.1264030 0.1159767 0.1289115 0.1264759 
Che_thalassium_ATCC_35110                0.2362978 0.0000000 0.2571753 0.2494206 0.2303706 0.2403518 0.2476976 0.2452502 0.2482527 0.2435593 0.2501074 0.2393286 0.2365422 0.4050053 0.2152377 0.2511781 0.2565910 0.2567842 0.2461200 0.2593407 0.2488265 
Chl_chlorochromatii_CaD3                 0.1303349 0.2571753 0.0000000 0.0711792 0.0812647 0.0994510 0.1091914 0.1468032 0.0984098 0.0758304 0.1104751 0.1039150 0.1221442 0.4549208 0.0743396 0.0733937 0.0764891 0.0693579 0.0731556 0.0752302 0.1476078 
Chl_clathratiforme_BU_1                  0.1221358 0.2494206 0.0711792 0.0000000 0.0430774 0.0740388 0.0935470 0.1357803 0.0757957 0.0412628 0.0884613 0.0873540 0.1185847 0.4624004 0.0305174 0.0337975 0.0296407 0.0262871 0.0610141 0.0365506 0.1362942 
Chl_ferrooxidans_KoFox                   0.1151625 0.2303706 0.0812647 0.0430774 0.0000000 0.0637806 0.0800570 0.1187664 0.0623917 0.0012887 0.0849753 0.0848167 0.1001600 0.4354965 0.0580751 0.0372314 0.0525256 0.0471282 0.0560326 0.0571636 0.1219541 
Chl_limicola_DSM_245                     0.1067746 0.2403518 0.0994510 0.0740388 0.0637806 0.0000000 0.0854256 0.1333585 0.0612210 0.0672956 0.0945101 0.0841093 0.1050569 0.4440805 0.0724626 0.0689605 0.0789680 0.0808222 0.0759016 0.0793090 0.1272551 
Chl_luteolum_DSM_273                     0.1245121 0.2476976 0.1091914 0.0935470 0.0800570 0.0854256 0.0000000 0.1396851 0.0948734 0.0844564 0.0647910 0.0224370 0.1174026 0.4829165 0.0869899 0.0845408 0.0954708 0.0983667 0.0901867 0.1006328 0.1422412 
Chl_phaeobacteroides_BS1                 0.1278214 0.2452502 0.1468032 0.1357803 0.1187664 0.1333585 0.1396851 0.0000000 0.1379716 0.1329574 0.1372585 0.1349047 0.1235947 0.4468772 0.1209412 0.1348520 0.1378248 0.1395422 0.1319230 0.1441017 0.0929541 
Chl_phaeobacteroides_DSM_266             0.1104765 0.2482527 0.0984098 0.0757957 0.0623917 0.0612210 0.0948734 0.1379716 0.0000000 0.0679187 0.1012601 0.0921063 0.1036682 0.4521957 0.0732182 0.0673795 0.0801657 0.0800105 0.0826197 0.0823455 0.1327730 
Chl_phaeoferrooxidans_KB01               0.1177050 0.2435593 0.0758304 0.0412628 0.0012887 0.0672956 0.0844564 0.1329574 0.0679187 0.0000000 0.0856831 0.0814341 0.1088282 0.4580407 0.0504875 0.0368741 0.0467846 0.0489457 0.0559945 0.0554402 0.1282086 
Chl_phaeovibrioides_DSM_265              0.1291045 0.2501074 0.1104751 0.0884613 0.0849753 0.0945101 0.0647910 0.1372585 0.1012601 0.0856831 0.0000000 0.0624534 0.1290794 0.4530670 0.0952380 0.0885634 0.0918855 0.0947684 0.0964164 0.0963057 0.1365589 
Chl_sp_N1                                0.1134824 0.2393286 0.1039150 0.0873540 0.0848167 0.0841093 0.0224370 0.1349047 0.0921063 0.0814341 0.0624534 0.0000000 0.1179328 0.4483189 0.0859807 0.0840356 0.0901969 0.0921410 0.0884552 0.0964760 0.1303728 
Chl_tepidum_TLS                          0.0385653 0.2365422 0.1221442 0.1185847 0.1001600 0.1050569 0.1174026 0.1235947 0.1036682 0.1088282 0.1290794 0.1179328 0.0000000 0.4302142 0.1050404 0.1117695 0.1168914 0.1258212 0.1099774 0.1284413 0.1235092 
Ignavibacterium_album_JCM_16511_outgroup 0.4206402 0.4050053 0.4549208 0.4624004 0.4354965 0.4440805 0.4829165 0.4468772 0.4521957 0.4580407 0.4530670 0.4483189 0.4302142 0.0000000 0.4388578 0.4575832 0.4316404 0.4742551 0.4567528 0.4697881 0.4598491 
L227_2013_bin22                          0.1191618 0.2152377 0.0743396 0.0305174 0.0580751 0.0724626 0.0869899 0.1209412 0.0732182 0.0504875 0.0952380 0.0859807 0.1050404 0.4388578 0.0000000 0.0409974 0.0312354 0.0376994 0.0616579 0.0439187 0.1293495 
L227_2013_bin55                          0.1171658 0.2511781 0.0733937 0.0337975 0.0372314 0.0689605 0.0845408 0.1348520 0.0673795 0.0368741 0.0885634 0.0840356 0.1117695 0.4575832 0.0409974 0.0000000 0.0387669 0.0379620 0.0555109 0.0403971 0.1305690 
L227_2013_bin56                          0.1253528 0.2565910 0.0764891 0.0296407 0.0525256 0.0789680 0.0954708 0.1378248 0.0801657 0.0467846 0.0918855 0.0901969 0.1168914 0.4316404 0.0312354 0.0387669 0.0000000 0.0391027 0.0638728 0.0417385 0.1331014 
L227_enr_S_6D_bin01                      0.1264030 0.2567842 0.0693579 0.0262871 0.0471282 0.0808222 0.0983667 0.1395422 0.0800105 0.0489457 0.0947684 0.0921410 0.1258212 0.4742551 0.0376994 0.0379620 0.0391027 0.0000000 0.0630681 0.0308032 0.1391517 
L304_enr_S_6D_bin01                      0.1159767 0.2461200 0.0731556 0.0610141 0.0560326 0.0759016 0.0901867 0.1319230 0.0826197 0.0559945 0.0964164 0.0884552 0.1099774 0.4567528 0.0616579 0.0555109 0.0638728 0.0630681 0.0000000 0.0678988 0.1314815 
L442_2011_2014_bin64                     0.1289115 0.2593407 0.0752302 0.0365506 0.0571636 0.0793090 0.1006328 0.1441017 0.0823455 0.0554402 0.0963057 0.0964760 0.1284413 0.4697881 0.0439187 0.0403971 0.0417385 0.0308032 0.0678988 0.0000000 0.1402349 
Ptc_aestuarii_DSM_271                    0.1264759 0.2488265 0.1476078 0.1362942 0.1219541 0.1272551 0.1422412 0.0929541 0.1327730 0.1282086 0.1365589 0.1303728 0.1235092 0.4598491 0.1293495 0.1305690 0.1331014 0.1391517 0.1314815 0.1402349 0.0000000 
