8
L227_2013_Bin_56           100.000000 43.540670 44.497608 67.312349 46.585366 47.931873 44.258373 46.875000
L227_2014_Bin_92a          43.540670 100.000000 55.980861 41.404358 50.487805 51.094891 37.081340 43.509615
L227_enr_S_6D              44.497608 55.980861 100.000000 45.762712 51.951220 49.391727 43.467933 46.394231
L304_enr_S_6D              67.312349 41.404358 45.762712 100.000000 47.804878 47.201946 47.215496 49.878935
Chl_ferrooxidans_KoFox     46.585366 50.487805 51.951220 47.804878 100.000000 89.024390 46.829268 53.170732
Chl_phaeoferrooxidans_KB01 47.931873 51.094891 49.391727 47.201946 89.024390 100.000000 49.878345 54.744526
Chl_luteolum_DSM_273       44.258373 37.081340 43.467933 47.215496 46.829268 49.878345 100.000000 70.913462
Chl_N1                     46.875000 43.509615 46.394231 49.878935 53.170732 54.744526 70.913462 100.000000
