18
L227_2013_Bin_56                          100.000000 43.540670 44.497608 67.312349 46.585366 47.931873 44.258373 46.875000 16.985646 16.507177 24.641148 23.205742 25.427873 29.186603 23.205742 22.966507 23.205742 15.071770
L227_2014_Bin_92a                         43.540670 100.000000 55.980861 41.404358 50.487805 51.094891 37.081340 43.509615 16.746411 17.942584 23.205742 24.162679 25.427873 29.425837 22.488038 22.009569 22.488038 14.832536
L227_enr_S_6D                             44.497608 55.980861 100.000000 45.762712 51.951220 49.391727 43.467933 46.394231 17.730496 15.839243 23.990499 24.170616 25.427873 31.205674 21.040189 21.985816 20.567376 14.184397
L304_enr_S_6D                             67.312349 41.404358 45.762712 100.000000 47.804878 47.201946 47.215496 49.878935 15.254237 15.496368 25.907990 26.392252 26.405868 31.476998 21.791768 21.065375 22.518160 15.496368
Chl_ferrooxidans_KoFox                    46.585366 50.487805 51.951220 47.804878 100.000000 89.024390 46.829268 53.170732 16.097561 15.365854 28.536585 28.292683 29.828851 33.170732 23.414634 22.926829 23.658537 13.414634
Chl_phaeoferrooxidans_KB01                47.931873 51.094891 49.391727 47.201946 89.024390 100.000000 49.878345 54.744526 16.058394 15.571776 27.980535 27.980535 26.650367 31.143552 22.384428 22.141119 22.627737 11.922141
Chl_luteolum_DSM_273                      44.258373 37.081340 43.467933 47.215496 46.829268 49.878345 100.000000 70.913462 16.152019 15.676960 26.365796 25.415677 28.117359 31.828979 23.515439 22.802850 23.277910 13.776722
Chl_N1                                    46.875000 43.509615 46.394231 49.878935 53.170732 54.744526 70.913462 100.000000 16.346154 17.067308 32.451923 27.884615 27.628362 35.576923 21.394231 21.875000 21.394231 15.865385
Thiomonas_sp_FB_6                         16.985646 16.746411 17.730496 15.254237 16.097561 16.058394 16.152019 16.346154 100.000000 54.312354 17.339667 15.402844 17.114914 16.247140 15.489749 15.962441 15.366972 19.607843
Thiomonas_sp_FB_Cd                        16.507177 17.942584 15.839243 15.496368 15.365854 15.571776 15.676960 17.067308 54.312354 100.000000 15.914489 16.824645 16.625917 16.783217 17.016317 15.727700 17.249417 14.918415
Gallionella_capsiferriformans_ES_2        24.641148 23.205742 23.990499 25.907990 28.536585 27.980535 26.365796 32.451923 17.339667 15.914489 100.000000 44.180523 45.476773 42.755344 22.802850 22.802850 22.565321 14.489311
Ferriphaselus_sp_R_1                      23.205742 24.162679 24.170616 26.392252 28.292683 27.980535 25.415677 27.884615 15.402844 16.824645 44.180523 100.000000 69.926650 39.099526 21.327014 21.800948 21.327014 16.113744
Ferriphaselus_amnicola_OYT1               25.427873 25.427873 25.427873 26.405868 29.828851 26.650367 28.117359 27.628362 17.114914 16.625917 45.476773 69.926650 100.000000 43.031785 20.537897 23.471883 21.026895 15.647922
Sideroxydans_lithotrophicus_ES_1          29.186603 29.425837 31.205674 31.476998 33.170732 31.143552 31.828979 35.576923 16.247140 16.783217 42.755344 39.099526 43.031785 100.000000 23.798627 23.943662 23.853211 14.874142
Mariprofundus_ferrooxydans_PV_1           23.205742 22.488038 21.040189 21.791768 23.414634 22.384428 23.515439 21.394231 15.489749 17.016317 22.802850 21.327014 20.537897 23.798627 100.000000 82.863850 99.082569 11.161731
Mariprofundus_ferrooxydans_M34            22.966507 22.009569 21.985816 21.065375 22.926829 22.141119 22.802850 21.875000 15.962441 15.727700 22.802850 21.800948 23.471883 23.943662 82.863850 100.000000 83.333333 13.380282
Mariprofundus_ferrooxydans_JV_1           23.205742 22.488038 20.567376 22.518160 23.658537 22.627737 23.277910 21.394231 15.366972 17.249417 22.565321 21.327014 21.026895 23.853211 99.082569 83.333333 100.000000 11.238532
Acidithiobacillus_ferrooxidans_ATCC_53993 15.071770 14.832536 14.184397 15.496368 13.414634 11.922141 13.776722 15.865385 19.607843 14.918415 14.489311 16.113744 15.647922 14.874142 11.161731 13.380282 11.238532 100.000000
