18
L227_2013_Bin_56                          0.0000000 0.4625210 0.4192587 0.2547629 0.4415761 0.3922375 0.3812498 0.4035984 2.3404146 2.0673998 1.0635965 0.9479851 0.9614265 0.8241269 1.1654429 1.2507073 1.1654429 1.9958045 
L227_2014_Bin_92a                         0.4625210 0.0000000 0.2808401 0.4876397 0.3735239 0.3800826 0.4725305 0.5021753 2.2485487 1.8348016 0.9545941 0.8497083 0.8804716 0.8120438 1.2209121 1.2337856 1.2209121 2.3332068 
L227_enr_S_6D                             0.4192587 0.2808401 0.0000000 0.4030046 0.2754070 0.2859420 0.4013811 0.3704213 2.0811296 1.8577376 0.9018900 0.8747141 0.8425465 0.6872267 1.0905534 1.1220645 1.0905534 2.0308268 
L304_enr_S_6D                             0.2547629 0.4876397 0.4030046 0.0000000 0.3889050 0.3699727 0.3266003 0.3071603 2.3633893 2.0525823 0.9104311 0.8158322 0.8477715 0.6514446 1.1863477 1.2565154 1.1863477 2.0861424 
Chl_ferrooxidans_KoFox                    0.4415761 0.3735239 0.2754070 0.3889050 0.0000000 0.0590154 0.2988552 0.3269334 2.1851920 1.9372266 0.8748970 0.8231477 0.8046232 0.6061655 1.1250359 1.1836349 1.1250359 2.0094428 
Chl_phaeoferrooxidans_KB01                0.3922375 0.3800826 0.2859420 0.3699727 0.0590154 0.0000000 0.3020228 0.3289570 2.2553281 2.0227749 0.9155293 0.8122994 0.7986364 0.6648727 1.1348272 1.1972676 1.1348272 2.1648152 
Chl_luteolum_DSM_273                      0.3812498 0.4725305 0.4013811 0.3266003 0.2988552 0.3020228 0.0000000 0.1610176 2.2941087 2.0506752 0.8349020 0.8180512 0.8260894 0.6407825 1.1536677 1.2076600 1.1536677 2.1572011 
Chl_N1                                    0.4035984 0.5021753 0.3704213 0.3071603 0.3269334 0.3289570 0.1610176 0.0000000 2.2546368 2.0396489 0.8573827 0.8175862 0.8872524 0.6477507 1.2211286 1.2819399 1.2211286 2.1097140 
Thiomonas_sp_FB_6                         2.3404146 2.2485487 2.0811296 2.3633893 2.1851920 2.2553281 2.2941087 2.2546368 0.0000000 0.3349981 2.4190343 2.2848088 2.2316188 2.0758080 2.2411026 2.1618285 2.2411026 1.3850553 
Thiomonas_sp_FB_Cd                        2.0673998 1.8348016 1.8577376 2.0525823 1.9372266 2.0227749 2.0506752 2.0396489 0.3349981 0.0000000 2.0004883 2.0008257 2.0222128 1.9457776 2.1389996 2.1088179 2.1389996 1.3910876 
Gallionella_capsiferriformans_ES_2        1.0635965 0.9545941 0.9018900 0.9104311 0.8748970 0.9155293 0.8349020 0.8573827 2.4190343 2.0004883 0.0000000 0.5147480 0.5028963 0.5665503 1.4022371 1.3832526 1.4022371 2.0994307 
Ferriphaselus_sp_R_1                      0.9479851 0.8497083 0.8747141 0.8158322 0.8231477 0.8122994 0.8180512 0.8175862 2.2848088 2.0008257 0.5147480 0.0000000 0.2097895 0.5858365 1.4129961 1.4624083 1.4129961 2.0207894 
Ferriphaselus_amnicola_OYT1               0.9614265 0.8804716 0.8425465 0.8477715 0.8046232 0.7986364 0.8260894 0.8872524 2.2316188 2.0222128 0.5028963 0.2097895 0.0000000 0.5576939 1.2808620 1.2542241 1.2808620 1.9738181 
Sideroxydans_lithotrophicus_ES_1          0.8241269 0.8120438 0.6872267 0.6514446 0.6061655 0.6648727 0.6407825 0.6477507 2.0758080 1.9457776 0.5665503 0.5858365 0.5576939 0.0000000 1.0959494 1.1615874 1.0959494 1.9613777 
Mariprofundus_ferrooxydans_PV_1           1.1654429 1.2209121 1.0905534 1.1863477 1.1250359 1.1348272 1.1536677 1.2211286 2.2411026 2.1389996 1.4022371 1.4129961 1.2808620 1.0959494 0.0000000 0.0655303 0.0000010 2.2870087 
Mariprofundus_ferrooxydans_M34            1.2507073 1.2337856 1.1220645 1.2565154 1.1836349 1.1972676 1.2076600 1.2819399 2.1618285 2.1088179 1.3832526 1.4624083 1.2542241 1.1615874 0.0655303 0.0000000 0.0655303 2.3130753 
Mariprofundus_ferrooxydans_JV_1           1.1654429 1.2209121 1.0905534 1.1863477 1.1250359 1.1348272 1.1536677 1.2211286 2.2411026 2.1389996 1.4022371 1.4129961 1.2808620 1.0959494 0.0000010 0.0655303 0.0000000 2.2870087 
Acidithiobacillus_ferrooxidans_ATCC_53993 1.9958045 2.3332068 2.0308268 2.0861424 2.0094428 2.1648152 2.1572011 2.1097140 1.3850553 1.3910876 2.0994307 2.0207894 1.9738181 1.9613777 2.2870087 2.3130753 2.2870087 0.0000000 
