21
L227_2013_Bin_56                                          0.0000000 0.4798313 0.4281985 0.2418694 0.4286703 0.4166867 0.4506872 0.4194663 2.4634742 2.1056459 0.9949783 0.9917054 1.0353548 0.8099261 0.8857298 1.0505575 1.3154306 1.4482147 1.3154306 1.9402750 1.9778779 
L227_2014_Bin_92a                                         0.4798313 0.0000000 0.2750862 0.5108664 0.3743263 0.3665735 0.5213438 0.5261108 2.5256358 2.0508125 0.9774233 0.9993617 1.0650048 0.8292802 0.9568246 0.9970433 1.4916834 1.5338713 1.4916834 2.1205125 2.1438042 
L227_enr_S_6D                                             0.4281985 0.2750862 0.0000000 0.3955501 0.2713388 0.2991519 0.3990257 0.4059462 2.2672809 1.9583526 0.8993900 1.0377541 1.0275800 0.6865786 0.9560794 0.9115719 1.2177678 1.2778929 1.2177678 2.0338905 2.0110160 
L304_enr_S_6D                                             0.2418694 0.5108664 0.3955501 0.0000000 0.3819457 0.4056922 0.3750880 0.3506482 2.5503412 2.2132521 0.8878987 0.9357479 0.9791020 0.6784476 0.8803256 0.9457018 1.3447391 1.4540843 1.3447391 2.0895614 1.9849089 
Chl_ferrooxidans_KoFox__WP_006367388.1                    0.4286703 0.3743263 0.2713388 0.3819457 0.0000000 0.0867627 0.3688767 0.3671766 2.3952272 2.1402994 0.8387132 0.9174750 0.9411220 0.6279657 0.8073827 0.8982857 1.2000989 1.2996785 1.2000989 2.0160779 2.0149448 
Chl_phaeoferrooxidans_KB01__WP_076792910.1                0.4166867 0.3665735 0.2991519 0.4056922 0.0867627 0.0000000 0.3861787 0.3554001 2.5250992 2.2396963 0.8941183 0.9327398 0.9561314 0.6883183 0.8566469 0.9774447 1.2734647 1.3756756 1.2734647 2.0536018 2.0670370 
Chl_luteolum_DSM_273__WP_011358173.1                      0.4506872 0.5213438 0.3990257 0.3750880 0.3688767 0.3861787 0.0000000 0.1981786 2.4109516 2.2104159 0.8331725 0.9144188 0.9290024 0.6726643 0.8485440 0.9088968 1.2659840 1.3320713 1.2659840 2.1935457 2.1778592 
Chl_N1__WP_131354685.1                                    0.4194663 0.5261108 0.4059462 0.3506482 0.3671766 0.3554001 0.1981786 0.0000000 2.4207047 2.1653160 0.8275925 0.8901749 0.9628523 0.6514190 0.8393277 0.9558182 1.3655591 1.4449792 1.3655591 2.0585244 2.0922546 
Thiomonas_sp_FB_6__WP_018914220.1                         2.4634742 2.5256358 2.2672809 2.5503412 2.3952272 2.5250992 2.4109516 2.4207047 0.0000000 0.3839820 2.4027864 2.6146196 2.6393766 2.0739628 2.2794324 2.6219881 2.3692739 2.4842841 2.3692739 1.3755944 1.4895643 
Thiomonas_sp_FB_Cd__WP_051849522.1                        2.1056459 2.0508125 1.9583526 2.2132521 2.1402994 2.2396963 2.2104159 2.1653160 0.3839820 0.0000000 2.1685779 2.2866180 2.3865537 2.0135234 2.1101952 2.5251100 2.2259680 2.2981566 2.2259680 1.3692164 1.4518050 
Gallionella_capsiferriformans_ES_2__WP_013292418.1        0.9949783 0.9774233 0.8993900 0.8878987 0.8387132 0.8941183 0.8331725 0.8275925 2.4027864 2.1685779 0.0000000 0.4867572 0.4736511 0.5177170 0.3838133 0.8352140 1.3622195 1.3494492 1.3622195 2.0837975 2.1075710 
Ferriphaselus_sp_R_1__WP_035382865.1                      0.9917054 0.9993617 1.0377541 0.9357479 0.9174750 0.9327398 0.9144188 0.8901749 2.6146196 2.2866180 0.4867572 0.0000000 0.1994761 0.6520704 0.4835964 0.9286561 1.4644601 1.5235474 1.4644601 2.0611915 2.0645660 
Ferriphaselus_amnicola_OYT1__WP_062625436.1               1.0353548 1.0650048 1.0275800 0.9791020 0.9411220 0.9561314 0.9290024 0.9628523 2.6393766 2.3865537 0.4736511 0.1994761 0.0000000 0.6350095 0.4846568 1.0506710 1.3529830 1.3552977 1.3529830 2.1810696 2.2458333 
Sideroxydans_lithotrophicus_ES_1__WP_013028404.1          0.8099261 0.8292802 0.6865786 0.6784476 0.6279657 0.6883183 0.6726643 0.6514190 2.0739628 2.0135234 0.5177170 0.6520704 0.6350095 0.0000000 0.5502957 0.7622603 1.2488252 1.2903021 1.2488252 2.0549488 2.0039622 
Sideroxydans_lithotrophicus_ES_1__WP_013028405.1          0.8857298 0.9568246 0.9560794 0.8803256 0.8073827 0.8566469 0.8485440 0.8393277 2.2794324 2.1101952 0.3838133 0.4835964 0.4846568 0.5502957 0.0000000 0.9066139 1.4619257 1.4792794 1.4619257 2.0747127 2.1033309 
Sideroxydans_lithotrophicus_ES_1__WP_013028406.1          1.0505575 0.9970433 0.9115719 0.9457018 0.8982857 0.9774447 0.9088968 0.9558182 2.6219881 2.5251100 0.8352140 0.9286561 1.0506710 0.7622603 0.9066139 0.0000000 1.3089819 1.3564943 1.3089819 2.3287920 2.4531802 
Mariprofundus_ferrooxydans_PV_1__AKN35166.1               1.3154306 1.4916834 1.2177678 1.3447391 1.2000989 1.2734647 1.2659840 1.3655591 2.3692739 2.2259680 1.3622195 1.4644601 1.3529830 1.2488252 1.4619257 1.3089819 0.0000000 0.0756077 0.0000010 2.2555631 2.2313634 
Mariprofundus_ferrooxydans_M34__WP_018295023.1            1.4482147 1.5338713 1.2778929 1.4540843 1.2996785 1.3756756 1.3320713 1.4449792 2.4842841 2.2981566 1.3494492 1.5235474 1.3552977 1.2903021 1.4792794 1.3564943 0.0756077 0.0000000 0.0756077 2.4089348 2.3789477 
Mariprofundus_ferrooxydans_JV_1__WP_053322620.1           1.3154306 1.4916834 1.2177678 1.3447391 1.2000989 1.2734647 1.2659840 1.3655591 2.3692739 2.2259680 1.3622195 1.4644601 1.3529830 1.2488252 1.4619257 1.3089819 0.0000010 0.0756077 0.0000000 2.2555631 2.2313634 
Acidithiobacillus_ferrooxidans_ATCC_53993__WP_012536509.1 1.9402750 2.1205125 2.0338905 2.0895614 2.0160779 2.0536018 2.1935457 2.0585244 1.3755944 1.3692164 2.0837975 2.0611915 2.1810696 2.0549488 2.0747127 2.3287920 2.2555631 2.4089348 2.2555631 0.0000000 0.3005269 
Acidithiobacillus_ferrooxidans_ATCC_53993__WP_012537628.1 1.9778779 2.1438042 2.0110160 1.9849089 2.0149448 2.0670370 2.1778592 2.0922546 1.4895643 1.4518050 2.1075710 2.0645660 2.2458333 2.0039622 2.1033309 2.4531802 2.2313634 2.3789477 2.2313634 0.3005269 0.0000000 
